$ANSIBLE_VAULT;1.1;AES256
63643334383832616435343264646330373136386234326664623436323232373061313432303262
6262366239353230323239653639373735663634353734310a346530666139646162646130626462
38393138633966373231396161313863616232303838636637343734383535636162393130383565
3533373838396164640a613264383263356265616233653233666339326339333463356339353635
36626336663061653566333133353830663932373636306166386261383532663935313231306361
65313639316237646464333538386164373832316166343964663735376237633436343731353130
30313964663330666437643234303563323365383131366134613734326434663236663731393861
65356137643032323731613966646437346332363734613834373439633030343265356232326437
30666136313134613666333139313661353933313939373432663265646166393665383861316261
64656434383730646262386239396136656333353364323236323232343432333535623464313766
34653536386164383065373634636133303031333262313337336662366133613361613066333136
39366565393230656136343838383632623762636439336666353664323466633033613832653263
63633265386539376234633761373362653631616537353863316435336466323238333832303736
36613161343339616462353331306461376531313633323136366634663061353432656662653136
38663531373630613539386339373938646433313663336438613562633737393735383231356438
30333366653339353666343936373334373366316435313961326331373566616536666636373439
32396465333432316236613132303861653338643733313066343738316663653038393432616331
33643963653530373535343634386166366537656166656338656661386264323139303630663738
61383065666137333636613239303335363062333662633161616638613938386564376465663063
35303330613939666635343739373836393435326435613761353230326436386432633136316434
35313535323161353063643965366337643565623064363435343163333061646434613239663534
61346638303630636630663232353766313361333435353832626465356362666632393137333835
37633461343735633639613738373930373964313365326162373532646136303264643265626264
65656661303837343035373232326362363631626132346635616339323062336363373737343934
38303030623038613765616236396537653831616630333431663365393035653138363837623633
66663336393563336537396662316336353966303835303638303131656139323634306463316464
35356631343961343434303863343837323039316131306366623833353334303335613130373666
38666536626530383131313965623762633161356431343630353066346265633561636663663033
66623430333136373531323736653563396566356364353263363864343239376439333238343634
35393965373235646532613831613035303064373535616663323335333665383630333933343665
63313334633764333538313364383339633463303330303934376536346233376637393364376665
65306631303038373836383431633434613939396438623931303138396234333830353937386461
62326431653037353535313338336634373735323330613035383961663230623038396631656634
32353638313639376566303739323865313862643832663738623266333738393661646161643830
323932393964376637386235313131656564
